Genus	LPS_1	LPS_2	LPS_3	LPS_4	LPS_5	LPS+BS_1	LPS+BS_2	LPS+BS_3	LPS+BS_4	LPS+BS_5	Mock_1	Mock_2	Mock_3	Mock_4	Mock_5
Akkermansia	0.065267364	0.031545466	0.034149819	0.035699622	0.034714106	0.24622278	0.272912071	0.105711499	0.096051296	0.119504457	0.692488916	0.043479193	0.298367347	0.324758635	0.309928453
Stenotrophomonas	0.238318259	0	0.070524451	0.06910859	0.065640826	0	0	0.011618077	0.01066517	0.010791445	0	0.547777802	0.132094522	0.121476078	0.122231055
Parabacteroides	0.024813629	0.029040129	0.027734578	0.025996759	0.027204259	0.11504827	0.107196921	0.094787038	0.099786265	0.092871172	0.000257009	0.007375169	0.009344791	0.008474576	0.008937971
unidentified_Enterobacteriaceae	0.000257804	0.001786415	0	4.32199E-05	6.49266E-05	0.186436642	0.188140651	0.00019508	0.000280662	0.000215829	0	0	0	0	0
Dubosiella	0.005521301	0.15304344	0.011685675	0.0110859	0.013223391	0.000844192	0.000670386	0.001192153	0.00110106	0.001079144	0.063416933	0.007482366	0.013533835	0.012400772	0.010742754
Bacteroides	0.009646164	0.04834212	0.011815276	0.010156672	0.011362161	0.01049829	0.010596427	0.017730573	0.017724908	0.015172771	0.003576706	0.021761036	0.026122449	0.025080455	0.028253443
Helicobacter	0.004017445	0.000239641	0.003996026	0.005013506	0.004674718	0.06368241	0.067081874	0.027918067	0.025453917	0.028532579	0	0.001672277	0.00141783	0.001480369	0.001697355
Alistipes	0.004919759	0.010914557	0.004341628	0.004213938	0.00489114	0.002316118	0.002205787	0.020483364	0.019257756	0.015194354	0.008010109	0.021889673	0.031149302	0.027268826	0.03065982
Alloprevotella	0.000171869	0.004357109	4.32003E-05	6.48298E-05	4.32844E-05	0.035088099	0.031486527	0.031147719	0.030225178	0.028662077	0	0	0	0	0
Bifidobacterium	0.001353471	0.003485687	0.002224814	0.002377093	0.002294074	0.027750119	0.029756498	0.019269535	0.01912822	0.017417391	0.0082457	0.001264927	0.002534909	0.003003647	0.00234192
Ligilactobacillus	0.001890562	0.022003399	0.003412822	0.003263101	0.003549323	0.048400364	0.043077722	0.004140024	0.004382651	0.003388514	0.001927566	0.00038591	0.000537057	0.000321819	0.000515652
unidentified_Lachnospiraceae	0.014974112	0.009324212	0.025401763	0.025262021	0.025559451	2.1646E-05	6.48761E-05	0.005202124	0.005354174	0.005417305	0.001606305	0.001950989	0.002255639	0.002488736	0.002470833
Allobaculum	0	2.17855E-05	0	0	0	0.030174466	0.027572337	0.022174054	0.022539347	0.022575702	0	0	0	0	0
Delftia	0.015468236	0	0.008380854	0.008730416	0.008830022	0	2.16254E-05	0.006437629	0.006282519	0.005762631	0	0.023583389	0.0132116	0.013216048	0.011473261
Odoribacter	0.002191333	0.005097817	0.002095213	0.002096164	0.00225079	0.000303043	0.000800138	0.001387233	0.001856689	0.001467636	0.008181448	0.020367472	0.022148228	0.021561897	0.021700363
Mucispirillum	0.010548478	0.001176419	0.012852082	0.014111291	0.014803272	0.001428633	0.001340772	0.003012897	0.003799737	0.003841754	0.001691975	0.003451751	0.005671321	0.006565115	0.006810906
Colidextribacter	0.005542785	0.010043135	0.006955245	0.008146948	0.006838939	0.000129876	0.000194628	0.010447599	0.010514044	0.008719487	0.001285044	0.004437965	0.005112782	0.005320747	0.005178007
Ileibacterium	0.009452811	0.005642456	0.02350095	0.021372231	0.022745964	0.001969782	0.001946283	0.000390159	0.000863577	0.000561155	0	0	0	0	0
Parasutterella	0.001804628	0.00200427	0.002289615	0.001555916	0.001579881	0.021884064	0.01879244	0.007022868	0.007534705	0.006323787	4.28348E-05	0.001093412	0.001288937	0.001523278	0.001804783
Limosilactobacillus	0.000171869	0.004052111	8.64006E-05	0.00015127	0.000129853	0.013485432	0.014553869	0.006936166	0.006714307	0.006280621	0.012721938	0.000986214	0.001117078	0.001802188	0.001568442
Turicibacter	0.004726406	0.002505337	0.006868844	0.006158833	0.006059819	0.000151522	8.65014E-05	0.001755717	0.00220212	0.001769797	0.014585252	0.001114851	0.001525242	0.001566188	0.001654384
Oscillibacter	0.003630739	0.011611694	0.005270434	0.006050783	0.005129204	0	0	0.002384307	0.00293616	0.002633112	0.000385513	0.001993868	0.001868958	0.001802188	0.001783297
Lactobacillus	6.4451E-05	0.008670646	4.32003E-05	8.64398E-05	6.49266E-05	0.000995714	0.00088664	0.005917416	0.005375764	0.005417305	0.005247264	0.001393564	0.001675618	0.001566188	0.001568442
Desulfovibrio	0.003867059	0.001786415	0.005140833	0.005078336	0.005042635	0.000389627	0.000216254	0.000346808	0.000410199	0.000345326	0.001135122	0.000321592	0.000730397	0.00083673	0.000880906
unidentified_Oscillospiraceae	0.002835843	0.008670646	0.00159841	0.002571583	0.002315717	6.49379E-05	0	0.001495611	0.001511259	0.001467636	0	0	0	0.000214546	0.000300797
Rikenella	0.001181601	0.001546774	0.001058407	0.000821178	0.000865688	0.000324689	0.000410882	0.001213829	0.001446491	0.001187059	0.000449765	0.002637052	0.003351235	0.003196739	0.002857573
Lachnoclostridium	0.001568307	0.001503202	0.003283221	0.003176661	0.002921698	0	2.16254E-05	6.50266E-05	8.63577E-05	8.63316E-05	0.002741428	0.000964775	0.001847476	0.001780734	0.001826268
Anaerotruncus	0.001568307	0.000675352	0.00157681	0.001728795	0.00225079	6.49379E-05	0.000216254	0.000368484	0.000410199	0.000539572	0.000556852	0.002101066	0.00311493	0.002939283	0.002492319
Negativibacillus	0.001955013	0.002091412	0.002440816	0.002463533	0.002142579	4.32919E-05	4.32507E-05	0.000953723	0.001597617	0.001208642	4.28348E-05	0.000450228	0.000880773	0.001008367	0.001095761
Erysipelatoclostridium	0.000730444	0.002679622	0.001101607	0.001080497	0.001038826	8.65838E-05	6.48761E-05	0.001582313	0.001921458	0.00127339	0.001285044	0.00115773	0.001267454	0.001630551	0.001138732
Parvibacter	0.000537092	0.001198205	0.000302402	0.000280929	0.000649266	0.000822546	0.000410882	0.004009971	0.002849802	0.003237433	0.000235591	0	0	0	4.2971E-05
Enterorhabdus	0.000730444	0.002505337	0.000453603	0.000475419	0.000476129	0.000367981	0.000367631	0.001083776	0.000928345	0.000733818	0.002505836	0.000450228	0.000601504	0.000450547	0.000472681
Anaerovorax	0.000279288	0.000740708	0.000648004	0.000540249	0.000735835	0.00010823	6.48761E-05	0.001950797	0.001640795	0.001575551	0.000556852	0.000450228	0.00047261	0.000708003	0.000730507
unidentified_Ruminococcaceae	0.00023632	0.000893207	0.000302402	0.00012966	0.000259707	2.1646E-05	0	0.000216755	0.000172715	0.00015108	0.000406931	0.001436443	0.00189044	0.001909461	0.002449348
Ruminococcus	0	0.004052111	4.32003E-05	2.16099E-05	2.16422E-05	0	0	0.001734041	0.001705564	0.001834546	0	0	2.14823E-05	4.29092E-05	2.14855E-05
unidentified_Muribaculaceae	0.000472641	0.000871422	0.000950406	0.001123717	0.000952257	4.32919E-05	4.32507E-05	0.000368484	0.000345431	0.000474824	8.56696E-05	0.000214394	0.001525242	0.000858185	0.001095761
Blautia	0.000859346	6.53566E-05	0.002462416	0.002917342	0.001991083	0	0	0	0	0	6.42522E-05	0	0	0	0
Muribaculum	0.000859346	0.000893207	0.001080007	0.001145327	0.001082111	0.00010823	0	0.000585239	0.000626093	0.000496406	8.56696E-05	0.000300152	0.000236305	0.00027891	0.000300797
Adlercreutzia	0.00040819	0.001938913	0.000108001	0.00012966	0.000151495	0.000844192	0.001038017	0.000411835	0.000518146	0.000517989	0.000257009	2.14394E-05	0.000300752	0.000193092	0.000171884
unidentified_Clostridia	0.000257804	0.004161039	2.16001E-05	0	4.32844E-05	6.49379E-05	4.32507E-05	0.000476861	0.000561325	0.000690652	0	6.43183E-05	2.14823E-05	0	0
Roseburia	0.000902314	0	0.000950406	0.001836845	0.001385102	0	0	0	8.63577E-05	0.000129497	0	0	0	0.000107273	6.44565E-05
Chryseobacterium	0.003394419	0	0.000172801	0.000388979	0.000259707	0	0	0.000303457	0.000259073	0.000107914	0	0	0	0	0
Mycoplasma	0	0	0	0	0	0	0	0	0	0	0.000856696	0.00115773	0.000773362	0.001072731	0.000902391
unidentified_Rhodospirillales	0	0.000697137	0	0	0	4.32919E-05	0	0.000498537	0.000712451	0.000712235	0	0.000300152	0.000408163	0.00055782	0.000709022
unidentified_Butyricicoccaceae	0.000708961	0.001111063	0.000777605	0.000561858	0.000865688	0	0	0	8.63577E-05	0	0	6.43183E-05	4.29646E-05	2.14546E-05	8.5942E-05
Dorea	0.000580059	0.000348569	0.000885606	0.000972447	0.000735835	0	0	0	0	0	0	0	0	0	0
Brachyspira	0	0	0	0	0	0	0	0	0	0	0	0.000300152	0.00122449	0.00087964	0.000902391
Intestinimonas	4.29673E-05	0.000501067	6.48004E-05	4.32199E-05	0	0	0	0.000585239	0.000712451	0.000647487	0.000214174	6.43183E-05	0.000128894	0.000171637	2.14855E-05
Marvinbryantia	2.14837E-05	0	0.000172801	0.00015127	8.65688E-05	0	0	4.3351E-05	4.31788E-05	8.63316E-05	0.000406931	8.57578E-05	0.000601504	0.000600729	0.000494167
Anaeroplasma	0	0.002527123	0	0	8.65688E-05	0	0	0	0	0	0	0	0	0	0
Ureaplasma	2.14837E-05	0.000261427	0	2.16099E-05	0	0	0	8.67021E-05	0.000107947	6.47487E-05	0.000278426	0.000343031	0.000343716	0.000536366	0.000386739
Faecalibaculum	0	0	0.000216001	0.00015127	0.000151495	0.000627733	0.000562259	0.000303457	0.000107947	0.000194246	2.14174E-05	0	0	0	0
Bilophila	0.000128902	0.000108928	0.000540003	0.000605078	0.00058434	0	0	0.000151729	0	0	0	4.28789E-05	8.59291E-05	0	4.2971E-05
Monoglobus	0.000322255	0.000108928	0.000129601	0.000280929	0.000367918	0	0	8.67021E-05	0	6.47487E-05	0.000278426	4.28789E-05	2.14823E-05	2.14546E-05	4.2971E-05
Christensenella	0	4.35711E-05	4.32003E-05	0.00017288	6.49266E-05	0	4.32507E-05	0	4.31788E-05	0	0.000278426	0.000150076	0.000128894	0.000214546	0.000128913
Paludicola	0.00023632	2.17855E-05	0.000194401	6.48298E-05	0.000108211	0	0	0.00019508	0.000129536	4.31658E-05	0	0	0	0	0
Streptococcus	8.59346E-05	6.53566E-05	2.16001E-05	6.48298E-05	0	0.00010823	0.000151378	4.3351E-05	0.000151126	6.47487E-05	4.28348E-05	0	8.59291E-05	4.29092E-05	6.44565E-05
